2
3
33
63
93
123
153
183
213
243
273
303
333
363
393
423
453
483
513
543
573
603
633
663
693
723
753
783
813
843
873
903
933
963
993
1023
1053
1083
1113
1143
1173
1203
1233
1263
1293
1323
1353
1383
1413
1443
1473
1503
1533
1563
1593
1623
1653
1683
1713
1743
1773
1803
1833
1863
1893
1923
1953
1983
2013
2043
2073
2103
2133
2163
2193
2223
2253
2283
2313
2343
2373
2403
2433
2463
2493
2523
2553
2583
2613
2643
2673
2703
2733
2763
2793
2823
2853
2883
2913
2943
2973
3003
3033
3063
3093
3123
3153
3183
3213
3243
3273
3303
3333
3363
3393
3423
3453
3483
3513
3543
3573
3603
3633
3663
3693
3723
3753
3783
3813
3843
3873
3903
3933
3963
3993

Time: 0.0000